eval_loss = 0.5668867230415344
eval_accuracy = 0.7364620938628159
training_epochs = 10.0
